 room_id | player_id | kills | assists | first_blood | placement 
---------+-----------+-------+---------+-------------+-----------
       1 |         1 |     5 |       2 | f           |         1
       1 |        74 |     1 |       0 | f           |        12
       1 |        73 |     0 |       0 | f           |        12
       1 |        72 |     0 |       0 | f           |        12
       1 |        71 |     0 |       0 | f           |        12
       1 |        90 |     3 |       0 | f           |        11
       1 |        89 |     1 |       0 | f           |        11
       1 |        88 |     2 |       0 | f           |        11
       1 |        87 |     1 |       0 | f           |        11
       1 |        78 |     0 |       0 | f           |         9
       1 |        79 |     2 |       0 | f           |         9
       1 |        80 |     4 |       0 | f           |         9
       1 |        77 |     3 |       0 | f           |         9
       1 |        35 |     0 |       0 | f           |        10
       1 |        42 |     1 |       0 | f           |         8
       1 |        44 |     1 |       0 | f           |         8
       1 |        45 |     1 |       0 | f           |         8
       1 |        41 |     2 |       0 | f           |         8
       1 |        81 |     0 |       0 | f           |         7
       1 |        82 |     0 |       0 | f           |         7
       1 |        84 |     0 |       0 | f           |         7
       1 |        66 |     1 |       0 | f           |         6
       1 |        70 |     1 |       0 | f           |         6
       1 |        69 |     0 |       0 | f           |         6
       1 |        68 |     2 |       0 | f           |         6
       1 |        38 |     4 |       0 | f           |         1
       1 |        39 |     4 |       0 | f           |         1
       1 |        37 |     1 |       0 | f           |         1
       1 |        36 |     3 |       0 | f           |         1
       1 |        64 |     1 |       0 | f           |         5
       1 |        62 |     2 |       0 | f           |         5
       1 |        65 |     1 |       0 | f           |         5
       1 |        63 |     1 |       0 | f           |         5
       1 |        51 |     0 |       0 | f           |         2
       1 |        54 |     3 |       0 | f           |         2
       1 |        55 |     2 |       0 | f           |         2
       1 |        53 |     1 |       0 | f           |         2
       1 |        59 |     3 |       0 | f           |         4
       1 |        56 |     4 |       0 | f           |         4
       1 |        58 |     4 |       0 | f           |         4
       1 |        60 |     4 |       0 | f           |         4
       1 |        46 |     0 |       0 | f           |         3
       1 |        47 |     0 |       0 | f           |         3
       1 |        49 |     1 |       0 | f           |         3
       1 |        48 |     1 |       0 | f           |         3
       1 |        33 |     1 |       0 | f           |        10
       1 |        31 |     2 |       0 | f           |        10
       1 |        34 |     2 |       0 | t           |        10
       1 |        85 |     0 |       0 | f           |         7
(49 rows)

